Tes :
5 3 0 0 7 0 0 0 0
6 0 0 1 9 5 0 0 0
0 9 8 0 0 0 0 6 0
8 0 0 0 6 0 0 0 3
4 0 0 8 0 3 0 0 1
7 0 0 0 2 0 0 0 6
0 6 0 0 0 0 2 8 0
0 0 0 4 1 9 0 0 5
0 0 0 0 8 0 0 7 9
Tes 2 :
9 0 0 1 0 4 0 0 2
0 8 0 0 6 0 0 7 0
0 0 0 0 0 0 0 0 0
4 0 0 0 0 0 0 0 1
0 7 0 0 0 0 0 3 0
3 0 0 0 0 0 0 0 7
0 0 0 0 2 0 0 0 0
0 3 0 0 7 0 0 8 0
1 0 0 0 0 9 0 0 0
Tes 3 :
0 0 0 0 0 0 0 0 0
0 0 0 0 0 3 0 8 5
0 0 1 0 2 0 0 0 0
0 0 0 5 0 7 0 0 0
0 0 4 0 0 0 1 0 0
0 9 0 0 0 0 0 0 0
5 0 0 0 0 0 0 7 3
0 0 2 0 1 0 0 0 0
0 0 0 0 4 0 0 0 9
Tes 4 :
8 0 0 0 0 0 5 4 0
6 3 2 8 0 0 1 7 9
5 4 0 9 0 1 6 0 0
4 2 8 1 0 0 0 9 7
0 7 0 0 4 9 2 0 0
9 6 0 0 7 0 4 5 0
7 0 0 0 9 6 0 0 2
0 8 0 0 0 2 0 6 5
0 9 6 5 8 0 0 1 0
